
Hubble Constant : 68.23057118708894 +/- 1.188212196375206
Baryon Density : 0.02236220488626153 +/- 0.00022924819747224793
Dark Matter Density : 0.11769338000042417 +/- 0.002657732009335853
Optical Depth : 0.08496925881547762 +/- 0.03411163741362103
Amplitude of the Spectrum : 2.217417396256281e-09 +/- 1.43178661952165e-10
Tilt of the Spectrum : 0.9729886604893863 +/- 0.006580222116361113

 The curvature matrix of the Best-Fit Parameters are 

 [[ 1.41184822e+00  1.92770042e-04 -3.08199938e-03  2.25102415e-02
   8.32682413e-11  6.92887716e-03]
 [ 1.92770042e-04  5.25547360e-08 -3.54098594e-07  2.98729384e-06
   1.14906751e-14  7.47830990e-07]
 [-3.08199938e-03 -3.54098594e-07  7.06353943e-06 -4.94773558e-05
  -1.80701835e-13 -1.56737422e-05]
 [ 2.25102415e-02  2.98729384e-06 -4.94773558e-05  1.16360381e-03
   4.86522590e-12  1.24464996e-04]
 [ 8.32682413e-11  1.14906751e-14 -1.80701835e-13  4.86522590e-12
   2.05001292e-20  4.57977704e-13]
 [ 6.92887716e-03  7.47830990e-07 -1.56737422e-05  1.24464996e-04
   4.57977704e-13  4.32993231e-05]]